16
14
(0,1) (2,1) (2,10) (5,10) (5,1) (13,1) (13,13) 
0 0 0 0 0 0 0 0 0 0 0 0 0 0 0 0 
2 1 1 0 0 1 1 1 1 1 1 1 1 1 0 0 
0 0 1 0 0 1 0 0 0 0 0 0 0 1 0 0 
0 0 1 0 0 1 0 0 0 0 0 0 0 1 0 0 
0 0 1 0 0 1 0 0 0 0 0 0 0 1 0 0 
0 0 1 0 0 1 0 0 0 0 0 0 0 1 0 0 
0 0 1 0 0 1 0 0 0 0 0 0 0 1 0 0 
0 0 1 0 0 1 0 0 0 0 0 0 0 1 0 0 
0 0 1 0 0 1 0 0 0 0 0 0 0 1 0 0 
0 0 1 0 0 1 0 0 0 0 0 0 0 1 0 0 
0 0 1 1 1 1 0 0 0 0 0 0 0 1 0 0 
0 0 0 0 0 0 0 0 0 0 0 0 0 1 0 0 
0 0 0 0 0 0 0 0 0 0 0 0 0 1 0 0 
0 0 0 0 0 0 0 0 0 0 0 0 0 3 0 0 
